1 0.367708 0.443519 0.061458 0.094444
1 0.176563 0.248148 0.062500 0.033333
1 0.173437 0.285185 0.031250 0.029630
1 0.037891 0.630093 0.075260 0.147222
1 0.489583 0.362037 0.028125 0.038889
1 0.440625 0.360185 0.017708 0.031481
1 0.347396 0.294444 0.033333 0.037037
1 0.262500 0.244444 0.017708 0.022222
1 0.260937 0.176852 0.020833 0.031481
1 0.622917 0.450926 0.026042 0.064815
1 0.563542 0.382407 0.019792 0.031481
1 0.459375 0.322222 0.017708 0.022222
1 0.776042 0.514815 0.019792 0.051852
1 0.802083 0.522222 0.013542 0.033333
1 0.732292 0.563889 0.028125 0.042593
1 0.628646 0.250926 0.018750 0.031481
1 0.449479 0.234259 0.014583 0.024074
1 0.639062 0.368519 0.016667 0.025926
1 0.789062 0.368519 0.016667 0.033333
1 0.742708 0.367593 0.019792 0.024074
