1 0.777474 0.090741 0.032031 0.051852
1 0.779687 0.03125 0.03125 0.044907
2 0.201823 0.544907 0.023438 0.036111
2 0.18125 0.608565 0.028646 0.04213
0 0.329818 0.626852 0.051302 0.085185
3 0.380469 0.304861 0.03125 0.053241
3 0.409115 0.308796 0.039583 0.051852
3 0.358984 0.379398 0.04349 0.0625
3 0.974349 0.074306 0.051302 0.115278
3 0.652083 0.206019 0.071354 0.069444
3 0.672396 0.502083 0.051042 0.101389
3 0.415885 0.475 0.077604 0.143519
3 0.606901 0.892593 0.120052 0.214815
2 0.690104 0.559722 0.041667 0.061111
