0 0.761806 0.566667 0.098611 0.190123
3 0.828472 0.544444 0.059722 0.061728
3 0.7875 0.788889 0.091667 0.120988
3 0.902778 0.588889 0.108333 0.145679
1 0.301389 0.939506 0.086111 0.111111
1 0.455556 0.946914 0.072222 0.106173
1 0.557639 0.832099 0.0875 0.138272
1 0.684722 0.420988 0.066667 0.140741
1 0.586111 0.381481 0.052778 0.081481
1 0.624306 0.328395 0.056944 0.079012
1 0.563889 0.275309 0.05 0.061728
1 0.45 0.251852 0.030556 0.049383
1 0.340972 0.253086 0.040278 0.081481
1 0.214583 0.597531 0.1125 0.167901
3 0.690278 0.309877 0.055556 0.071605
