1 0.764583 0.745679 0.220833 0.375309
1 0.901389 0.87037 0.188889 0.244444
1 0.040972 0.314815 0.081944 0.274074
1 0.359028 0.22716 0.104167 0.153086
1 0.595139 0.130864 0.093056 0.148148
1 0.834722 0.150617 0.127778 0.128395
1 0.952778 0.382716 0.083333 0.197531
0 0.091667 0.52716 0.183333 0.471605
0 0.389583 0.769136 0.348611 0.204938
0 0.577083 0.267901 0.176389 0.224691
0 0.709028 0.366667 0.098611 0.249383
0 0.225694 0.322222 0.145833 0.239506
0 0.393056 0.881481 0.333333 0.217284
2 0.311111 0.617284 0.152778 0.251852
2 0.841667 0.277778 0.111111 0.155556
2 0.801389 0.376543 0.111111 0.155556
1 0.195833 0.204938 0.105556 0.128395
0 0.458333 0.533333 0.261111 0.291358
0 0.435417 0.341975 0.109722 0.249383
0 0.105556 0.745679 0.211111 0.474074
2 0.383333 0.075309 0.111111 0.150617
1 0.70625 0.081481 0.093056 0.148148
1 0.678472 0.216049 0.093056 0.150617
