5 0.115447 0.150033 0.222282 0.22688
5 0.053821 0.340652 0.106566 0.195609
5 0.194026 0.295742 0.116792 0.216234
5 0.248385 0.410845 0.118945 0.202927
5 0.271798 0.179641 0.142088 0.347305
5 0.425727 0.196607 0.190527 0.252162
5 0.528794 0.112442 0.153391 0.2169
5 0.693757 0.734531 0.202368 0.327345
5 0.434069 0.784098 0.160926 0.204258
5 0.784446 0.044578 0.328848 0.089155
5 0.741389 0.246174 0.14155 0.106454
5 0.961249 0.637392 0.077503 0.210246
4 0.163617 0.552562 0.168999 0.10845
4 0.839074 0.819694 0.263724 0.286094
5 0.401776 0.453759 0.140474 0.195609
