5 0.374219 0.380556 0.201563 0.255556
5 0.460156 0.305556 0.09375 0.127778
5 0.58125 0.449306 0.15625 0.154167
5 0.558203 0.727778 0.225781 0.383333
5 0.516797 0.503472 0.117969 0.220833
4 0.234766 0.252778 0.013281 0.044444
4 0.210156 0.565972 0.10625 0.045833
4 0.396875 0.578472 0.04375 0.031944
4 0.745313 0.220139 0.051563 0.040278
4 0.975391 0.226389 0.049219 0.055556
4 0.970703 0.186806 0.027344 0.029167
4 0.071875 0.304167 0.017188 0.022222
4 0.260156 0.102778 0.045313 0.061111
4 0.723828 0.365278 0.021094 0.030556
4 0.864063 0.525 0.042188 0.038889
4 0.610938 0.354167 0.048438 0.027778
4 0.78125 0.951389 0.035938 0.030556
4 0.746875 0.425694 0.01875 0.043056
4 0.467969 0.028472 0.048438 0.026389
4 0.504297 0.231944 0.030469 0.027778
4 0.925 0.492361 0.023438 0.020833
4 0.872266 0.386111 0.044531 0.022222
4 0.594922 0.288889 0.028906 0.019444
